CNV,chr,start,end,
7_70958264_70961155,7,70958264,70961155,2891
13_71903417_71906418,13,71903417,71906418,3001
7_54318812_54318824,7,54318812,54318824,12
3_68697108_68698262,3,68697108,68698262,1154
8_645892_645908,8,645892,645908,16
8_39378084_39529446,8,39378084,39529446,151362
4_171453733_171456559,4,171453733,171456559,2826
2_86725947_86726731,2,86725947,86726731,784
3_193160173_193165114,3,193160173,193165114,4941
2_34474248_34511990,2,34474248,34511990,37742
4_10390730_10399044,4,10390730,10399044,8314
6_73882509_73891694,6,73882509,73891694,9185
5_58030200_58037706,5,58030200,58037706,7506
20_80664_1580353,20,80664,1580353,1499689
1_109702376_112147704,1,109702376,112147704,2445328
5_104524672_104524903,5,104524672,104524903,231
4_9459504_9477699,4,9459504,9477699,18195
21_10354168_46677045,21,10354168,46677045,36322877
13_38483435_38483919,13,38483435,38483919,484
19_55774927_58586487,19,55774927,58586487,2811560
3_162999939_163001774,3,162999939,163001774,1835
X_251810_155952689,X,251810,155952689,155700879
13_37497899_37510620,13,37497899,37510620,12721
4_172067997_172068382,4,172067997,172068382,385
1_25266637_25320455,1,25266637,25320455,53818
5_46271828_46273400,5,46271828,46273400,1572
6_54066432_54067057,6,54066432,54067057,625
Y_2782397_56872112,Y,2782397,56872112,54089715
6_103290101_103314186,6,103290101,103314186,24085
20_1580934_1613247,20,1580934,1613247,32313
16_55764310_55764867,16,55764310,55764867,557
15_76609838_101928837,15,76609838,101928837,25318999
2_35752724_35762850,2,35752724,35762850,10126
6_149661_254283,6,149661,254283,104622
5_46278110_58025819,5,46278110,58025819,11747709
22_23988078_23989773,22,23988078,23989773,1695
22_38899250_38900899,22,38899250,38900899,1649
12_9481274_9575696,12,9481274,9575696,94422
7_54318816_54318824,7,54318816,54318824,8
5_177800550_177805604,5,177800550,177805604,5054
8_111282050_111283031,8,111282050,111283031,981
6_64637651_64639099,6,64637651,64639099,1448
16_78338543_78350841,16,78338543,78350841,12298
8_2846011_2846377,8,2846011,2846377,366
4_34784878_34823103,4,34784878,34823103,38225
5_181006225_181363319,5,181006225,181363319,357094
12_33148472_33154440,12,33148472,33154440,5968
12_131657925_133201603,12,131657925,133201603,1543678
6_54066353_54067057,6,54066353,54067057,704
1_72302735_72345465,1,72302735,72345465,42730
19_51639099_51644944,19,51639099,51644944,5845
4_114254167_114261019,4,114254167,114261019,6852
12_9485313_9575696,12,9485313,9575696,90383
1_72290430_72297687,1,72290430,72297687,7257
1_109690352_109697556,1,109690352,109697556,7204
6_133947933_133948494,6,133947933,133948494,561
7_154609120_159334314,7,154609120,159334314,4725194
2_146106836_146109366,2,146106836,146109366,2530
Y_13478462_13482643,Y,13478462,13482643,4181
1_152789447_152796224,1,152789447,152796224,6777
12_45510655_45515754,12,45510655,45515754,5099
4_154881853_154881926,4,154881853,154881926,73
2_52527342_52554404,2,52527342,52554404,27062
1_109690415_109697556,1,109690415,109697556,7141
2_97524284_97545726,2,97524284,97545726,21442
1_72303253_72345465,1,72303253,72345465,42212
1_169264736_169272528,1,169264736,169272528,7792
12_45512057_45515754,12,45512057,45515754,3697
13_71906467_114342922,13,71906467,114342922,42436455
5_180951710_180991103,5,180951710,180991103,39393
3_75523398_75537654,3,75523398,75537654,14256
1_105476583_105479753,1,105476583,105479753,3170
8_81254_643041,8,81254,643041,561787
9_23363117_23373486,9,23363117,23373486,10369
10_24088745_24089125,10,24088745,24089125,380
9_63590317_63592813,9,63590317,63592813,2496
7_154601461_154607903,7,154601461,154607903,6442
8_40920333_40920952,8,40920333,40920952,619
12_131648039_131648790,12,131648039,131648790,751
4_171453733_171456625,4,171453733,171456625,2892
9_87939236_87939304,9,87939236,87939304,68
9_61520021_61647899,9,61520021,61647899,127878
3_6609441_6611645,3,6609441,6611645,2204
5_46270906_46273400,5,46270906,46273400,2494
17_41266762_41274279,17,41266762,41274279,7517
5_21377730_21377744,5,21377730,21377744,14
4_68929_10208766,4,68929,10208766,10139837
3_193168646_198169247,3,193168646,198169247,5000601
11_101727129_101727233,11,101727129,101727233,104
7_22395853_22396868,7,22395853,22396868,1015
16_78338543_78350868,16,78338543,78350868,12325
1_194482281_194485888,1,194482281,194485888,3607
7_153450560_153450627,7,153450560,153450627,67
15_76598900_76603434,15,76598900,76603434,4534
6_76307183_76307209,6,76307183,76307209,26
6_78259348_78325468,6,78259348,78325468,66120
1_75589078_75589169,1,75589078,75589169,91
20_80664_1571811,20,80664,1571811,1491147
4_68929_9455251,4,68929,9455251,9386322
2_12784_4158097,2,12784,4158097,4145313